CHAT_LOCKED: false
Spawn:
  world: spawn
  x: -15.694094170313639
  y: 62.0
  z: 1.680147845655465
  pitch: -12.449983
  yaw: 129.30383
